Game: 1651
Max Score: 299
mavg_score: [65.0, 73.15686274509804, 77.84158415841584, 79.8476821192053, 80.88059701492537, 81.38645418326693, 81.43521594684385, 81.78347578347578, 82.24438902743142, 82.73392461197339, 84.7065868263473, 86.2431941923775, 88.6189683860233, 90.93855606758832, 93.61340941512125, 95.47137150466045, 98.29712858926342, 101.63454759106934, 105.68479467258602, 109.95688748685595, 113.08591408591408, 116.22264509990485, 118.69663941871026, 121.1146828844483, 123.04912572855953, 124.61790567545964, 126.43274404304381, 128.05551443375276, 129.7758743754461, 131.00758097863542, 132.2398401065956, 133.73629916183108, 135.2473454091193, 136.70926711084192]
var_score: [0.0, 172.9950019223376, 257.79668659935305, 284.0099118459717, 324.57280760377216, 311.5279440008889, 317.74746415602476, 315.01864432918563, 316.0849124072612, 336.8782061051814, 410.32708236222163, 510.1114554958647, 590.2924189024947, 737.5569005264264, 900.5338572774579, 993.697915429228, 1124.2088431907055, 1314.3517559351615, 1627.581000762502, 1993.2357858958583, 2182.837773614996, 2341.141675591458, 2447.223140386784, 2522.2405402773697, 2576.8260629325687, 2616.9267457337087, 2660.6528555755312, 2706.386999568814, 2739.3273551419634, 2717.115724747922, 2708.7499384154735, 2735.6951298241065, 2751.2767340524597, 2767.300089771777]
mavg_ammo_left: [14.0, 13.254901960784315, 12.376237623762377, 11.589403973509933, 10.940298507462687, 10.378486055776893, 10.096345514950166, 9.806267806267806, 9.613466334164588, 9.52549889135255, 9.203592814371257, 9.147005444646098, 9.063227953410982, 9.12288786482335, 9.1811697574893, 9.247669773635153, 9.012484394506867, 8.678025851938896, 8.354051054384017, 8.052576235541535, 7.828171828171828, 7.588962892483349, 7.415077202543142, 7.185925282363162, 6.980016652789343, 6.950439648281375, 6.878554957724827, 6.823094004441154, 6.687366167023555, 6.530668504479669, 6.3704197201865425, 6.2501611863313995, 6.1361648969394125, 6.0557238037553]
mavg_kill_counts: [1.0, 0.9803921568627451, 1.2376237623762376, 1.390728476821192, 1.5422885572139304, 1.5776892430278884, 1.654485049833887, 1.7863247863247864, 1.9177057356608478, 2.0399113082039912, 2.24750499001996, 2.4609800362976406, 2.7104825291181363, 2.946236559139785, 3.2182596291012837, 3.4154460719041277, 3.6853932584269664, 3.9870740305522916, 4.351831298557158, 4.7276550998948474, 5.034965034965035, 5.313035204567079, 5.552225249772934, 5.770634231103388, 5.949208992506245, 6.132693844924061, 6.323597232897771, 6.5025906735751295, 6.682369735902927, 6.823569951757409, 6.963357761492339, 7.123791102514507, 7.286071205496564, 7.432465172622653]
mavg_rewards: 25.6
